Timestamp,Action,Symbol,Quantity,Price,Balance
2024-01-02 00:00:00,BUY,AAPL,5,$928.20,$99071.80
2024-01-03 00:00:00,SELL,AAPL,5,$921.25,$99993.05
2024-01-04 00:00:00,BUY,AMZN,10,$1445.70,$98547.35
2024-01-05 00:00:00,SELL,AMZN,10,$1452.40,$99999.75
2024-01-08 00:00:00,BUY,MSFT,15,$5620.35,$94379.40
2024-01-10 00:00:00,BUY,MSFT,10,$3827.70,$90551.70
2024-01-12 00:00:00,BUY,MSFT,5,$1942.35,$88609.35
2024-01-16 00:00:00,SELL,MSFT,5,$1951.35,$90560.70
2024-01-17 00:00:00,BUY,MSFT,5,$1947.35,$88613.35
2024-01-18 00:00:00,SELL,MSFT,5,$1969.35,$90582.70
2024-01-19 00:00:00,BUY,MSFT,5,$1993.35,$88589.35
2024-01-22 00:00:00,SELL,MSFT,5,$1982.55,$90571.90
2024-01-24 00:00:00,SELL,MSFT,5,$2012.80,$92584.70
2024-01-25 00:00:00,BUY,MSFT,10,$4048.70,$88536.00
2024-01-29 00:00:00,BUY,MSFT,10,$4097.20,$84438.80
2024-01-30 00:00:00,BUY,MSFT,10,$4085.90,$80352.90
2024-01-31 00:00:00,BUY,AMZN,20,$3104.00,$77248.90
2024-02-01 00:00:00,BUY,GOOGL,20,$2823.20,$74425.70
2024-02-02 00:00:00,BUY,AMZN,5,$859.05,$73566.65
2024-02-07 00:00:00,BUY,AMZN,10,$1705.30,$71861.35
2024-02-08 00:00:00,BUY,GOOGL,5,$729.55,$71131.80
2024-02-12 00:00:00,BUY,MSFT,25,$10381.50,$60750.30
2024-02-13 00:00:00,SELL,GOOGL,25,$3628.50,$64378.80
2024-02-14 00:00:00,BUY,MSFT,50,$20474.50,$43904.30
2024-02-15 00:00:00,BUY,MSFT,50,$20328.00,$23576.30
2024-02-16 00:00:00,SELL,MSFT,50,$20203.00,$43779.30
2024-02-20 00:00:00,BUY,MSFT,50,$20139.50,$23639.80
2024-02-21 00:00:00,SELL,MSFT,50,$20109.00,$43748.80
2024-02-22 00:00:00,BUY,MSFT,50,$20582.50,$23166.30
2024-02-26 00:00:00,SELL,MSFT,75,$30565.50,$53731.80
2024-02-27 00:00:00,SELL,MSFT,25,$10187.00,$63918.80
2024-02-28 00:00:00,SELL,MSFT,25,$10193.00,$74111.80
2024-02-29 00:00:00,SELL,MSFT,25,$10341.00,$84452.80
2024-03-01 00:00:00,BUY,MSFT,25,$10387.50,$74065.30
2024-03-04 00:00:00,SELL,MSFT,25,$10373.00,$84438.30
2024-03-05 00:00:00,BUY,AMZN,10,$1741.20,$82697.10
2024-03-07 00:00:00,BUY,GOOG,5,$676.20,$82020.90
2024-03-11 00:00:00,BUY,GOOG,10,$1389.40,$80631.50
2024-03-14 00:00:00,BUY,GOOG,5,$721.70,$79909.80
2024-03-15 00:00:00,SELL,GOOG,5,$710.85,$80620.65
2024-03-18 00:00:00,BUY,MSFT,5,$2086.60,$78534.05
2024-03-19 00:00:00,SELL,MSFT,5,$2107.05,$80641.10
2024-03-20 00:00:00,BUY,MSFT,10,$4252.30,$76388.80
2024-03-22 00:00:00,SELL,MSFT,10,$4287.40,$80676.20
2024-03-25 00:00:00,BUY,GOOG,20,$3023.00,$77653.20
2024-03-26 00:00:00,SELL,MSFT,5,$2108.25,$79761.45
2024-03-27 00:00:00,BUY,GOOG,10,$1519.40,$78242.05
2024-03-28 00:00:00,SELL,GOOG,5,$761.30,$79003.35
2024-04-01 00:00:00,BUY,MSFT,10,$4245.70,$74757.65
2024-04-02 00:00:00,SELL,MSFT,10,$4214.40,$78972.05
2024-04-03 00:00:00,BUY,GOOG,10,$1563.70,$77408.35
2024-04-04 00:00:00,SELL,GOOG,5,$759.70,$78168.05
2024-04-05 00:00:00,BUY,AMZN,10,$1850.70,$76317.35
2024-04-08 00:00:00,SELL,AMZN,10,$1851.90,$78169.25
2024-04-09 00:00:00,BUY,MSFT,10,$4262.80,$73906.45
2024-04-10 00:00:00,SELL,GOOG,10,$1576.60,$75483.05
2024-04-11 00:00:00,BUY,MSFT,10,$4279.30,$71203.75
2024-04-12 00:00:00,BUY,GOOG,10,$1591.90,$69611.85
2024-04-15 00:00:00,SELL,GOOG,10,$1563.30,$71175.15
2024-04-17 00:00:00,BUY,MSFT,5,$2059.20,$69115.95
2024-04-18 00:00:00,SELL,MSFT,10,$4042.70,$73158.65
2024-04-19 00:00:00,BUY,AMZN,10,$1746.30,$71412.35
2024-04-22 00:00:00,SELL,AMZN,5,$886.15,$72298.50
2024-04-24 00:00:00,SELL,MSFT,10,$4090.60,$76389.10
2024-04-25 00:00:00,SELL,MSFT,5,$1995.20,$78384.30
2024-04-26 00:00:00,BUY,AMZN,10,$1796.20,$76588.10
2024-04-29 00:00:00,SELL,AMZN,5,$904.80,$77492.90
2024-04-30 00:00:00,BUY,GOOG,10,$1646.40,$75846.50
2024-05-01 00:00:00,SELL,GOOG,10,$1655.70,$77502.20
2024-05-02 00:00:00,BUY,MSFT,5,$1989.20,$75513.00
2024-05-03 00:00:00,SELL,AMZN,10,$1862.10,$77375.10
2024-05-06 00:00:00,BUY,GOOG,10,$1698.30,$75676.80
2024-05-07 00:00:00,BUY,MSFT,10,$4093.40,$71583.40
2024-05-08 00:00:00,BUY,GOOG,10,$1711.60,$69871.80
2024-05-09 00:00:00,SELL,GOOG,10,$1715.80,$71587.60
2024-05-10 00:00:00,BUY,AMZN,20,$3749.60,$67838.00
2024-05-13 00:00:00,BUY,MSFT,10,$4137.20,$63700.80
2024-05-14 00:00:00,SELL,GOOG,15,$2578.95,$66279.75
2024-05-15 00:00:00,BUY,AMZN,5,$929.95,$65349.80
2024-05-17 00:00:00,SELL,MSFT,45,$18909.45,$84259.25
2024-05-20 00:00:00,BUY,GOOG,20,$3569.20,$80690.05
2024-05-21 00:00:00,BUY,AMZN,10,$1831.50,$78858.55
2024-05-23 00:00:00,SELL,GOOG,10,$1750.60,$80609.15
2024-05-24 00:00:00,BUY,AMZN,10,$1807.50,$78801.65
2024-05-28 00:00:00,BUY,GOOG,20,$3560.40,$75241.25
2024-05-29 00:00:00,SELL,GOOG,10,$1774.00,$77015.25
2024-05-30 00:00:00,BUY,GOOG,20,$3471.20,$73544.05
2024-05-31 00:00:00,BUY,GOOG,10,$1739.60,$71804.45
2024-06-04 00:00:00,SELL,GOOG,10,$1751.30,$73555.75
2024-06-06 00:00:00,SELL,GOOG,20,$3567.00,$77122.75
2024-06-07 00:00:00,BUY,AMZN,30,$5529.00,$71593.75
2024-06-10 00:00:00,SELL,GOOG,30,$5298.90,$76892.65
2024-06-11 00:00:00,BUY,GOOG,30,$5345.70,$71546.95
2024-06-12 00:00:00,SELL,AMZN,30,$5606.70,$77153.65
2024-06-13 00:00:00,SELL,GOOG,10,$1767.40,$78921.05
2024-06-14 00:00:00,BUY,AMZN,30,$5509.80,$73411.25
2024-06-17 00:00:00,BUY,AMZN,20,$3681.20,$69730.05
2024-06-18 00:00:00,SELL,GOOG,10,$1764.50,$71494.55
2024-06-20 00:00:00,BUY,AMZN,20,$3722.00,$67772.55
2024-06-21 00:00:00,SELL,AMZN,20,$3781.60,$71554.15
2024-06-24 00:00:00,BUY,GOOG,10,$1807.90,$69746.25
2024-06-25 00:00:00,SELL,GOOG,10,$1855.80,$71602.05
2024-06-26 00:00:00,BUY,AMZN,20,$3872.20,$67729.85
2024-06-27 00:00:00,SELL,GOOG,10,$1868.60,$69598.45
